# Data

# param nBreakfastFoods := 33;
# param nNotBreakfastFoods := 111;

set breakfastFoods := 
1,	2,	3,	4,	5,	6,	7,	8,	9,	10,	11,	12,	13,	14,	15,	16,	17,	18,	19,	20,	21,	22,	23,	24,	25,	26,	27,	28,	29,	30,	31,	32,	33,	34,	35,	36,	37,	38,	39,	40,	41,	42,	43,	44,	45,	46,	47
;


set lunchFoods := 
48,	49,	50,	51,	52,	53,	54,	55,	56,	57,	58,	59,	60,	61,	62,	63,	64,	65,	66,	67,	68,	69,	70,	71,	72,	73,	74,	75,	76,	77,	78,	79,	80,	81,	82,	83,	84,	85,	86,	87,	88,	89,	90,	91,	92,	93,	94,	95,	96,	97,	98,	99,	100,	101,	102,	103,	104,	105,	106,	107,	108,	109,	110,	111,	112,	113,	114,	115,	116,	117,	118,	119,	120,	121,	122,	123,	124,	125,	126,	127,	128,	129,	130,	131,	132,	133,	134,	135,	136,	137,	138,	139,	140,	141,	142,	143,	144,	145,	146,	147,	148,	149,	150,	151,	152,	153,	154,	155,	156,	157,	158,	159,	160,	161,	162,	163,	164,	165,	166,	167,	168,	169,	170,	171,	172,	173,	174,	175,	176,	177,	178,	179,	180,	181,	182,	183,	184,	185,	186,	187,	188,	189,	190,	191,	192,	193,	194,	195,	196,	197,	198,	199,	200,	201,	202,	203,	204,	205,	206,	207,	208,	209,	210,	211,	212,	213,	214,	215,	216,	217,	218,	219,	220,	221,	222,	223,	224,	225,	226,	227,	228,	229,	230,	231,	232,	233,	234,	235,	236,	237,	238,	239,	240,	241,	242,	243,	244,	245,	246,	247,	248,	249,	250,	251,	252,	253,	254,	255,	256,	257,	258,	259,	260,	261,	262,	263,	264,	265,	266,	267,	268,	269,	270,	271,	272,	273,	274,	275,	276,	277,	278,	279,	280,	281,	282,	283,	284,	285,	286,	287,	288
;
set dinnerFoods := 
48,	49,	50,	51,	52,	53,	54,	55,	56,	57,	58,	59,	60,	61,	62,	63,	64,	65,	66,	67,	68,	69,	70,	71,	72,	73,	74,	75,	76,	77,	78,	79,	80,	81,	82,	83,	84,	85,	86,	87,	88,	89,	90,	91,	92,	93,	94,	95,	96,	97,	98,	99,	100,	101,	102,	103,	104,	105,	106,	107,	108,	109,	110,	111,	112,	113,	114,	115,	116,	117,	118,	119,	120,	121,	122,	123,	124,	125,	126,	127,	128,	129,	130,	131,	132,	133,	134,	135,	136,	137,	138,	139,	140,	141,	142,	143,	144,	145,	146,	147,	148,	149,	150,	151,	152,	153,	154,	155,	156,	157,	158,	159,	160,	161,	162,	163,	164,	165,	166,	167,	168,	169,	170,	171,	172,	173,	174,	175,	176,	177,	178,	179,	180,	181,	182,	183,	184,	185,	186,	187,	188,	189,	190,	191,	192,	193,	194,	195,	196,	197,	198,	199,	200,	201,	202,	203,	204,	205,	206,	207,	208,	209,	210,	211,	212,	213,	214,	215,	216,	217,	218,	219,	220,	221,	222,	223,	224,	225,	226,	227,	228,	229,	230,	231,	232,	233,	234,	235,	236,	237,	238,	239,	240,	241,	242,	243,	244,	245,	246,	247,	248,	249,	250,	251,	252,	253,	254,	255,	256,	257,	258,	259,	260,	261,	262,	263,	264,	265,	266,	267,	268,	269,	270,	271,	272,	273,	274,	275,	276,	277,	278,	279,	280,	281,	282,	283,	284,	285,	286,	287,	288
;

# set breakfastFoods := 
# 1,	2,	3,	4,	5,	6,	7,	8,	9,	10,	11,	12,	13,	14,	15,	16,	17,	18,	19,	20,	21,	22,	23,	24,	25,	26,	27,	28,	29,	30,	31,	32,	33,	34,	35,	36,	37,	38,	39,	40,	41
# ;
# set lunchFoods := 
# 42,	43,	44,	45,	46,	47,	48,	49,	50,	51,	52,	53,	54,	55,	56,	57,	58,	59,	60,	61,	62,	63,	64,	65,	66,	67,	68,	69,	70,	71,	72,	73,	74,	75,	76,	77,	78,	79,	80,	81,	82,	83,	84,	85,	86,	87,	88,	89,	90,	91,	92,	93,	94,	95,	96,	97,	98,	99,	100,	101,	102,	103,	104,	105,	106,	107,	108,	109,	110,	111,	112,	113,	114,	115,	116,	117,	118,	119,	120,	121,	122,	123
# ;
# set dinnerFoods := 
# 42,	43,	44,	45,	46,	47,	48,	49,	50,	51,	52,	53,	54,	55,	56,	57,	58,	59,	60,	61,	62,	63,	64,	65,	66,	67,	68,	69,	70,	71,	72,	73,	74,	75,	76,	77,	78,	79,	80,	81,	82,	83,	84,	85,	86,	87,	88,	89,	90,	91,	92,	93,	94,	95,	96,	97,	98,	99,	100,	101,	102,	103,	104,	105,	106,	107,	108,	109,	110,	111,	112,	113,	114,	115,	116,	117,	118,	119,	120,	121,	122,	123
# ;

set restaurants	:= "Chik Fi La","Chipotle","Dunkin Donuts","Jersey Mikes","McDonalds","Salad Works","Shake Shack","Starbucks","Subway","Wendys";
set nutrients := "Calories","ProteinG","Fatg","Carbsg","Sodmg","Fiberg","Sugarg","Chlmg";
set days := 1,2,3;



# Required Nutrients
  
param nutrGoal : 
	1 2 3:=
"Calories" 	2400 2400 2400 
"ProteinG" 	100 100 100 
"Fatg" 		50 50 50 
"Carbsg" 	350 350 350 
"Sodmg" 	2200 2200 2200 
"Fiberg" 	30 30 30 
"Sugarg" 	80 80 80 
"Chlmg"		250 250 250
;


param hardNutrMin : 
	1 2 3 :=
"Calories" 	2100 2100 2100
"ProteinG" 	75 75 75 
"Fatg" 		25 25 25 
"Carbsg" 	300 300 300
"Sodmg" 	1800 1800 1800
"Fiberg" 	20 20 20  
"Sugarg" 	50 50 50 
"Chlmg"		200 200 200
;

param hardNutrMax : 
	1 2 3 :=
"Calories" 	2800 2800 2800
"ProteinG" 	125 125 125 
"Fatg" 		75 75 75 
"Carbsg" 	400 400 400
"Sodmg" 	2600 2600 2600
"Fiberg" 	40 40 40 
"Sugarg" 	110 110 110
"Chlmg"		300 300 300
;
 # Cost of Food 
 

param bcost :=
1 3.9
2 3.9
3 3.8
4 3.8
5 3.29
6 3.29
7 5.29
8 3.49
9 1.59
10 3.6
11 2.59
12 2.1
13 2.1
14 1
15 2.29
16 2.99
17 1
18 3.6
19 3.6
20 1
21 1.8
22 3.6
23 1.59
24 3.6
25 3.7
26 3.7
27 4
28 4.1
29 3.99
30 1
31 0.89
32 2.19
33 2.35
34 2.29
35 2.99
36 1.29
37 3.39
38 2.55
39 2.55
40 2.59
41 1.95
42 2.59
43 2.69
44 6.69
45 3.69
46 3.69
47 3.69

;
























param lcost :=
48 3.75
49 4.25
50 4.75
51 4.75
52 4.75
53 4.25
54 4.25
55 3.75
56 3.75
57 3.75
58 3.75
59 3.75
60 4.75
61 5
62 3.75
63 4.25
64 3.75
65 4.75
66 4.75
67 4.25
68 4.75
69 4.25
70 6
71 6
72 6
73 6
74 6
75 6
76 6
77 6
78 5
79 7.5
80 7.5
81 7.5
82 7.5
83 6
84 6
85 0
86 0
87 5.5
88 6
89 5.5
90 5.5
91 2.5
92 2.5
93 2.5
94 2.5
95 2.5
96 2.5
97 2.5
98 2.5
99 2.5
100 2.5
101 5.5
102 6.75
103 7.75
104 7.75
105 7.75
106 6.75
107 6.75
108 5.5
109 7.75
110 8.25
111 5.5
112 6.75
113 5.5
114 7.25
115 7.75
116 6.75
117 7.75
118 6.75
119 3.45
120 3.45
121 3.45
122 4.95
123 5.95
124 5.75
125 4.95
126 5.95
127 4.95
128 5.95
129 6.95
130 6.45
131 5.95
132 5.65
133 5.25
134 5.65
135 6.95
136 6.25
137 6.25
138 5.25
139 5.45
140 5.95
141 5.95
142 6.95
143 6.5
144 7.5
145 6.95
146 7.5
147 6.5
148 6.5
149 7.5
150 6.95
151 7.5
152 6.5
153 6.5
154 7.5
155 6.95
156 7.5
157 6.5
158 6.5
159 7.5
160 6.95
161 7.5
162 6.5
163 8.09
164 8.59
165 8.39
166 8.49
167 8.09
168 8.39
169 8.09
170 8.39
171 8.09
172 8.39
173 6.99
174 8.09
175 8.09
176 8.49
177 8.49
178 8.49
179 8.49
180 7.99
181 7.99
182 8.49
183 8.29
184 8.49
185 7.99
186 8.39
187 7.99
188 8.29
189 7.99
190 8.29
191 8.29
192 8.29
193 7.99
194 7.99
195 7.99
196 7.99
197 3.99
198 3.99
199 3.99
200 3.99
201 3.99
202 3.99
203 3.99
204 3.99
205 3.99
206 3.99
207 3.99
208 3.99
209 3.99
210 3.99
211 3.99
212 3.99
213 3.99
214 3.99
215 1.37
216 2.39
217 3.99
218 1.37
219 2.39
220 1.39
221 1.39
222 1.39
223 1.39
224 1.39
225 5.99
226 3.99
227 3.99
228 5.99
229 3.99
230 5.99
231 4.19
232 6.19
233 1.19
234 1.59
235 1.79
236 1.59
237 1.99
238 3.89
239 4.79
240 5.89
241 5.89
242 4.39
243 4.39
244 4.39
245 5.19
246 5.19
247 5.19
248 0.99
249 1.49
250 1.69
251 1.69
252 1.69
253 4.39
254 5.19
255 4.99
256 4.99
257 1.49
258 1.49
259 0.99
260 1.29
261 2.69
262 2.49
263 1.79
264 2.19
265 1.99
266 1.59
267 0.99
268 2.69
269 2.69
270 3.29
271 4.6
272 4.6
273 4.6
274 4.6
275 3.49
276 3.49
277 2.99
278 3.69
279 3.69
280 4.6
281 4.6
282 4.6
283 2.99
284 3.49
285 3.49
286 3.49
287 3.49
288 3.69

;



























param dcost :=
48 3.75
49 4.25
50 4.75
51 4.75
52 4.75
53 4.25
54 4.25
55 3.75
56 3.75
57 3.75
58 3.75
59 3.75
60 4.75
61 5
62 3.75
63 4.25
64 3.75
65 4.75
66 4.75
67 4.25
68 4.75
69 4.25
70 6
71 6
72 6
73 6
74 6
75 6
76 6
77 6
78 5
79 7.5
80 7.5
81 7.5
82 7.5
83 6
84 6
85 0
86 0
87 5.5
88 6
89 5.5
90 5.5
91 2.5
92 2.5
93 2.5
94 2.5
95 2.5
96 2.5
97 2.5
98 2.5
99 2.5
100 2.5
101 5.5
102 6.75
103 7.75
104 7.75
105 7.75
106 6.75
107 6.75
108 5.5
109 7.75
110 8.25
111 5.5
112 6.75
113 5.5
114 7.25
115 7.75
116 6.75
117 7.75
118 6.75
119 3.45
120 3.45
121 3.45
122 4.95
123 5.95
124 5.75
125 4.95
126 5.95
127 4.95
128 5.95
129 6.95
130 6.45
131 5.95
132 5.65
133 5.25
134 5.65
135 6.95
136 6.25
137 6.25
138 5.25
139 5.45
140 5.95
141 5.95
142 6.95
143 6.5
144 7.5
145 6.95
146 7.5
147 6.5
148 6.5
149 7.5
150 6.95
151 7.5
152 6.5
153 6.5
154 7.5
155 6.95
156 7.5
157 6.5
158 6.5
159 7.5
160 6.95
161 7.5
162 6.5
163 8.09
164 8.59
165 8.39
166 8.49
167 8.09
168 8.39
169 8.09
170 8.39
171 8.09
172 8.39
173 6.99
174 8.09
175 8.09
176 8.49
177 8.49
178 8.49
179 8.49
180 7.99
181 7.99
182 8.49
183 8.29
184 8.49
185 7.99
186 8.39
187 7.99
188 8.29
189 7.99
190 8.29
191 8.29
192 8.29
193 7.99
194 7.99
195 7.99
196 7.99
197 3.99
198 3.99
199 3.99
200 3.99
201 3.99
202 3.99
203 3.99
204 3.99
205 3.99
206 3.99
207 3.99
208 3.99
209 3.99
210 3.99
211 3.99
212 3.99
213 3.99
214 3.99
215 1.37
216 2.39
217 3.99
218 1.37
219 2.39
220 1.39
221 1.39
222 1.39
223 1.39
224 1.39
225 5.99
226 3.99
227 3.99
228 5.99
229 3.99
230 5.99
231 4.19
232 6.19
233 1.19
234 1.59
235 1.79
236 1.59
237 1.99
238 3.89
239 4.79
240 5.89
241 5.89
242 4.39
243 4.39
244 4.39
245 5.19
246 5.19
247 5.19
248 0.99
249 1.49
250 1.69
251 1.69
252 1.69
253 4.39
254 5.19
255 4.99
256 4.99
257 1.49
258 1.49
259 0.99
260 1.29
261 2.69
262 2.49
263 1.79
264 2.19
265 1.99
266 1.59
267 0.99
268 2.69
269 2.69
270 3.29
271 4.6
272 4.6
273 4.6
274 4.6
275 3.49
276 3.49
277 2.99
278 3.69
279 3.69
280 4.6
281 4.6
282 4.6
283 2.99
284 3.49
285 3.49
286 3.49
287 3.49
288 3.69

;








































# Nutrients
 
param bnutr :
"Calories" "ProteinG" "Fatg" "Carbsg" "Sodmg" "Fiberg" "Sugarg" "Chlmg" :=
1 560 24 27 56 1300 3 7 260
2 510 25 21 55 1230 3 7 45
3 420 15 23 37 1160 2 3 235
4 360 16 17 36 1130 2 3 20
5 420 15 18 48 1110 2 15 240
6 360 16 12 46 1080 2 15 25
7 1090 36 56 111 2150 6 17 575
8 740 28 48 51 1560 3 3 555
9 460 6 19 66 370 3 32 15
10 300 18 12 30 820 2 3 260
11 250 18 7 32 800 5 3 25
12 290 5 5 57 160 5 32 10
13 260 5 5 48 115 5 18 10
14 150 1 9 15 310 2 0 0
15 350 8 9 60 590 3 14 20
16 520 15 24 61 930 3 14 50
17 430 11 27 34 1080 2 2 30
18 460 18 27 34 1180 2 3 35
19 510 18 33 36 1170 2 2 250
20 300 12 16 26 830 1 2 115
21 420 11 22 44 1030 2 15 35
22 400 22 22 31 910 5 2 50
23 370 14 22 29 850 2 2 45
24 450 21 27 30 920 2 2 285
25 560 20 32 48 1360 2 15 265
26 500 21 26 46 1320 2 15 50
27 430 27 23 32 990 5 3 300
28 680 33 35 57 1520 3 7 300
29 540 25 32 38 1470 2 3 280
30 160 4 2 31 85 1 21 5
31 310 5 14 41 700 2 5 0
32 440 17 20 47 1230 3 6 25
33 450 16 20 50 1300 2 5 30
34 280 16 10 30 650 1 5 40
35 370 21 14 41 870 2 7 50
36 220 7 3 41 350 2 6 0
37 490 29 20 49 1230 3 8 240
38 450 24 20 43 990 2 3 260
39 510 23 28 40 990 2 3 270
40 500 21 27 44 1390 2 6 230
41 430 7 17 63 240 2 29 30
42 670 23 44 44 1470 2 5 225
43 140 0 3 28 45 4 4 0
44 140 0 3 29 45 4 5 0
45 810 28 54 52 1850 2 6 385
46 680 30 37 58 1920 2 7 375
47 600 23 33 52 1600 2 6 355


;




























param lnutr :
"Calories" "ProteinG" "Fatg" "Carbsg" "Sodmg" "Fiberg" "Sugarg" "Chlmg" :=
48 290 18 4.5 46 800 5 8 20
49 320 23 5 47 610 5 8 40
50 320 24 5 45 660 5 7 40
51 310 23 4.5 46 800 5 7 40
52 370 25 4.5 57 770 5 16 50
53 280 18 3.5 46 670 5 7 20
54 280 18 4 46 730 5 8 20
55 230 8 2.5 44 280 5 6 0
56 180 10 2.5 30 450 3 5 10
57 200 14 3 30 390 4 5 25
58 180 10 2 30 380 3 5 10
59 150 6 1.5 29 190 3 4 0
60 610 38 30 48 1290 5 8 95
61 530 29 25 49 840 7 7 70
62 360 17 12 46 1030 5 7 45
63 410 20 16 46 1260 5 8 45
64 480 21 18 59 920 8 12 30
65 360 28 8 45 580 5 6 65
66 380 26 10 48 1030 5 8 50
67 480 20 25 44 600 5 6 35
68 440 24 15 50 1190 7 8 30
69 510 24 25 48 1490 5 9 50
70 110 12 3 12 600 4 6 20
71 220 27 3 23 610 4 14 70
72 140 19 2.5 10 280 4 4 50
73 140 19 3.5 11 460 4 5 40
74 140 18 3.5 12 590 4 5 40
75 230 20 3 32 650 4 22 50
76 110 12 2.5 12 530 4 5 25
77 110 12 2 12 460 4 5 20
78 60 3 1 10 75 4 4 0
79 400 23 29 12 1250 4 4 85
80 520 24 40 19 880 8 6 75
81 220 36 4.5 10 490 4 4 100
82 190 22 7 10 360 4 4 65
83 330 19 20 19 1080 8 6 30
84 390 18 29 16 1450 4 8 50
85 35 1 0 7 720 0 4 0
86 320 0 35 3 560 0 2 30
87 390 21 16 42 810 2 3 35
88 500 26 26 43 1340 2 4 60
89 490 25 25 43 1290 2 4 60
90 410 21 17 44 850 3 4 35
91 350 15 24 17 730 4 7 80
92 210 12 1 39 860 15 6 0
93 170 5 9 18 630 1 4 25
94 150 8 4.5 20 740 3 3 40
95 180 6 10 16 820 2 4 35
96 110 8 3 14 720 1 2 30
97 210 5 13 15 800 1 4 35
98 150 5 7 18 560 2 7 20
99 210 5 3 17 680 1 7 25
100 140 5 7 15 750 2 8 25
101 580 36 9 92 1600 10 16 40
102 640 46 10 94 1220 10 16 80
103 640 48 10 90 1320 10 14 80
104 620 46 9 92 1600 10 14 80
105 740 50 9 114 1540 10 32 100
106 560 36 7 92 1340 10 14 40
107 560 36 8 92 1460 10 16 40
108 460 16 5 88 560 10 12 0
109 1220 76 60 96 2580 10 16 190
110 1060 58 50 98 1680 14 14 140
111 720 34 24 92 2060 10 14 90
112 820 40 32 92 2520 10 16 90
113 960 42 36 118 1840 16 24 60
114 720 56 16 90 1160 10 12 130
115 760 52 20 96 2060 10 16 100
116 960 40 50 88 1200 10 12 70
117 880 48 30 100 2380 14 16 60
118 1020 48 50 96 2980 10 18 100
119 250 13 11 24 480 0 4 50
120 270 10 14 27 520 2 6 50
121 250 4 15 23 380 3 4 50
122 470 14 28 38 470 6 17 50
123 460 7 25 47 810 6 5 15
124 420 8 27 36 430 6 14 30
125 450 14 23 48 560 4 24 20
126 460 15 31 32 800 2 16 80
127 370 13 19 37 460 5 18 200
128 430 11 20 51 510 4 20 35
129 510 23 22 54 1210 3 5 65
130 510 24 27 37 1120 5 1 70
131 470 21 25 35 890 3 3 60
132 370 21 15 32 850 2 1 70
133 480 16 27 42 860 7 5 320
134 380 19 11 46 1080 2 1 50
135 430 10 22 50 640 8 8 0
136 480 23 10 70 1290 3 12 70
137 480 22 20 49 1100 3 3 65
138 580 28 29 57 1110 5 7 65
139 420 11 18 47 620 3 3 35
140 460 29 21 31 940 2 2 80
141 520 29 21 46 1180 2 2 75
142 360 14 15 38 840 8 9 30
143 1300 79.5 134 284 4040 46.5 18 193
144 1310 77.5 133.5 286 4050 46 19 133
145 1330 70.5 139 284 4180 46 18 133
146 1285 71.5 134 286 4260 47 18 133
147 1265 55.5 137 293 4285 49.5 22.5 68
148 1000 62.5 78 158 2600 30.5 13 193
149 1010 60.5 77.5 160 2610 30 14 133
150 1030 53.5 83 158 2740 30 13 133
151 985 54.5 78 160 2820 31 13 133
152 965 38.5 81 167 2845 33.5 17.5 68
153 1210 65.5 85.5 188 2630 36.5 13.5 193
154 1220 63.5 85 190 2640 36 14.5 133
155 1240 56.5 90.5 188 2770 36 13.5 133
156 1195 57.5 85.5 190 2850 37 13.5 133
157 1175 41.5 88.5 197 2875 39.5 18 68
158 1010 63.5 78 160 2600 31.5 14 193
159 1020 61.5 77.5 162 2610 31 15 133
160 1040 54.5 83 160 2740 31 14 133
161 995 55.5 78 162 2820 32 14 133
162 975 39.5 81 169 2845 34.5 18.5 68
163 290 15 2 38 210 5 5 20
164 310 15 13 35 510 5 27 35
165 360 26 13 40 470 5 6 30
166 230 14 4 25 380 3 12 25
167 200 8 11 17 1250 6 5 20
168 350 24 17 25 670 5 6 70
169 370 36 15 29 960 3 4 220
170 350 25 12 29 1690 5 4 65
171 290 30 15 11 820 3 5 215
172 370 24 23 19 740 5 5 200
173 270 14 12 28 370 5 16 30
174 490 26 26 38 1200 10 7 45
175 170 12 1 9 370 3 4 25
176 670 19 44 60 1010 9 4 30
177 580 32 30 51 1280 5 4 70
178 330 28 9 28 860 3 3 60
179 380 33 8 57 990 0 4 45
180 460 22 14 61 810 4 4 40
181 610 29 27 63 1320 4 5 65
182 550 17 17 81 710 6 22 30
183 490 21 18 63 730 4 5 170
184 530 20 12 83 660 5 16 25
185 500 14 19 69 1230 6 6 20
186 670 30 25 78 990 6 7 70
187 610 30 20 81 990 3 4 190
188 660 31 20 82 2010 6 5 65
189 550 29 21 63 960 4 5 150
190 690 30 33 71 1090 7 5 200
191 590 20 20 82 650 6 18 30
192 410 18 9 70 660 5 12 25
193 870 51 32 93 2250 3 9 100
194 870 51 36 85 2540 3 3 105
195 940 34 47 94 1920 4 7 50
196 1020 51 49 90 2500 3 7 125
197 343 8 23 27 1183 3 4 69
198 275 10 19 18 1238 3 6 62
199 344 12 23 21 1265 3 4 62
200 179 14 6 21 1072 1 3 62
201 179 14 5 18 1128 1 4 48
202 261 14 14 19 1072 3 6 41
203 234 12 11 21 1072 1 7 41
204 467 8 38 21 798 0 8 151
205 371 12 26 22 894 1 4 110
206 151 6 2 30 825 4 7 0
207 234 4 5 45 894 4 22 14
208 137 4 8 17 550 1 11 21
209 110 3 3 21 1196 3 8 0
210 344 11 22 22 1278 1 6 89
211 165 7 2 32 577 10 7 0
212 124 7 5 17 1031 3 11 21
213 178 8 6 19 1114 4 3 28
214 450 23 30 24 870 2 0 75
215 180 9 12 10 350 1 0 30
216 270 14 18 14 520 1 0 45
217 430 25 28 23 1240 2 0 80
218 190 9 12 10 550 1 0 30
219 280 14 18 15 830 2 0 45
220 290 4 10 47 230 5 23 20
221 290 5 11 43 200 6 20 20
222 390 4 21 51 270 2 30 25
223 390 4 19 53 360 1 28 30
224 350 4 17 48 260 5 28 25
225 340 35 11 28 1150 5 20 105
226 180 18 6 14 490 3 9 55
227 250 18 14 14 520 4 2 45
228 470 37 25 26 1240 5 3 90
229 110 17 2 8 260 3 3 45
230 210 33 4 13 520 5 5 90
231 210 20 8 17 510 3 9 60
232 390 40 15 28 940 4 12 125
233 250 15 10 25 620 1 5 35
234 290 17 13 26 820 1 5 45
235 400 21 24 25 930 2 5 65
236 350 17 19 27 850 2 6 55
237 400 27 21 26 1080 1 5 85
238 580 31 33 42 1240 3 10 105
239 800 50 48 42 1530 3 10 175
240 1060 72 67 42 2020 3 10 255
241 660 36 40 40 1440 2 9 120
242 390 33 10 42 1080 3 10 90
243 530 31 22 55 1140 3 8 75
244 510 26 21 54 1140 4 8 60
245 690 35 36 56 1630 4 9 95
246 710 40 37 57 1630 3 9 110
247 570 42 27 41 1530 3 9 125
248 380 15 20 37 720 2 4 35
249 430 17 25 35 950 2 1 45
250 260 19 10 25 730 1 3 50
251 320 15 16 30 770 1 1 35
252 340 17 16 31 770 1 1 45
253 700 39 43 40 1760 2 9 130
254 650 35 29 62 1450 3 8 95
255 640 37 38 37 1160 2 6 130
256 440 20 24 37 950 1 5 55
257 25 1 0 5 30 2 3 0
258 60 4 4 5 115 2 2 10
259 40 0 0 9 0 2 7 0
260 270 7 0 61 25 7 3 0
261 320 8 4 63 50 7 4 10
262 310 26 9 31 1330 10 10 60
263 210 17 6 21 880 6 6 40
264 530 6 25 68 570 7 0 0
265 420 5 21 55 460 6 0 0
266 320 4 16 42 350 4 0 0
267 230 3 11 30 250 3 0 0
268 440 16 14 67 510 8 6 40
269 540 22 23 66 890 7 5 65
270 460 13 25 45 590 4 1 30
271 390 23 22 25 870 1 6 80
272 590 30 19 74 1420 3 10 60
273 640 34 25 70 1620 3 7 65
274 660 34 27 69 1620 3 6 65
275 500 23 35 25 1230 1 3 70
276 560 17 37 38 890 2 6 45
277 550 22 33 41 1140 1 4 45
278 530 22 30 41 1210 1 4 55
279 440 24 14 54 1380 2 3 50
280 440 24 17 47 1330 1 4 60
281 430 23 27 23 860 1 2 80
282 460 26 16 54 1100 3 3 55
283 510 18 30 41 940 1 3 40
284 680 23 47 42 1010 2 5 60
285 570 22 24 69 1130 4 7 35
286 400 15 24 34 630 7 2 35
287 520 24 37 25 1180 1 2 65
288 460 28 14 55 1370 3 4 50

;


















param dnutr :
"Calories" "ProteinG" "Fatg" "Carbsg" "Sodmg" "Fiberg" "Sugarg" "Chlmg" :=
48 290 18 4.5 46 800 5 8 20
49 320 23 5 47 610 5 8 40
50 320 24 5 45 660 5 7 40
51 310 23 4.5 46 800 5 7 40
52 370 25 4.5 57 770 5 16 50
53 280 18 3.5 46 670 5 7 20
54 280 18 4 46 730 5 8 20
55 230 8 2.5 44 280 5 6 0
56 180 10 2.5 30 450 3 5 10
57 200 14 3 30 390 4 5 25
58 180 10 2 30 380 3 5 10
59 150 6 1.5 29 190 3 4 0
60 610 38 30 48 1290 5 8 95
61 530 29 25 49 840 7 7 70
62 360 17 12 46 1030 5 7 45
63 410 20 16 46 1260 5 8 45
64 480 21 18 59 920 8 12 30
65 360 28 8 45 580 5 6 65
66 380 26 10 48 1030 5 8 50
67 480 20 25 44 600 5 6 35
68 440 24 15 50 1190 7 8 30
69 510 24 25 48 1490 5 9 50
70 110 12 3 12 600 4 6 20
71 220 27 3 23 610 4 14 70
72 140 19 2.5 10 280 4 4 50
73 140 19 3.5 11 460 4 5 40
74 140 18 3.5 12 590 4 5 40
75 230 20 3 32 650 4 22 50
76 110 12 2.5 12 530 4 5 25
77 110 12 2 12 460 4 5 20
78 60 3 1 10 75 4 4 0
79 400 23 29 12 1250 4 4 85
80 520 24 40 19 880 8 6 75
81 220 36 4.5 10 490 4 4 100
82 190 22 7 10 360 4 4 65
83 330 19 20 19 1080 8 6 30
84 390 18 29 16 1450 4 8 50
85 35 1 0 7 720 0 4 0
86 320 0 35 3 560 0 2 30
87 390 21 16 42 810 2 3 35
88 500 26 26 43 1340 2 4 60
89 490 25 25 43 1290 2 4 60
90 410 21 17 44 850 3 4 35
91 350 15 24 17 730 4 7 80
92 210 12 1 39 860 15 6 0
93 170 5 9 18 630 1 4 25
94 150 8 4.5 20 740 3 3 40
95 180 6 10 16 820 2 4 35
96 110 8 3 14 720 1 2 30
97 210 5 13 15 800 1 4 35
98 150 5 7 18 560 2 7 20
99 210 5 3 17 680 1 7 25
100 140 5 7 15 750 2 8 25
101 580 36 9 92 1600 10 16 40
102 640 46 10 94 1220 10 16 80
103 640 48 10 90 1320 10 14 80
104 620 46 9 92 1600 10 14 80
105 740 50 9 114 1540 10 32 100
106 560 36 7 92 1340 10 14 40
107 560 36 8 92 1460 10 16 40
108 460 16 5 88 560 10 12 0
109 1220 76 60 96 2580 10 16 190
110 1060 58 50 98 1680 14 14 140
111 720 34 24 92 2060 10 14 90
112 820 40 32 92 2520 10 16 90
113 960 42 36 118 1840 16 24 60
114 720 56 16 90 1160 10 12 130
115 760 52 20 96 2060 10 16 100
116 960 40 50 88 1200 10 12 70
117 880 48 30 100 2380 14 16 60
118 1020 48 50 96 2980 10 18 100
119 250 13 11 24 480 0 4 50
120 270 10 14 27 520 2 6 50
121 250 4 15 23 380 3 4 50
122 470 14 28 38 470 6 17 50
123 460 7 25 47 810 6 5 15
124 420 8 27 36 430 6 14 30
125 450 14 23 48 560 4 24 20
126 460 15 31 32 800 2 16 80
127 370 13 19 37 460 5 18 200
128 430 11 20 51 510 4 20 35
129 510 23 22 54 1210 3 5 65
130 510 24 27 37 1120 5 1 70
131 470 21 25 35 890 3 3 60
132 370 21 15 32 850 2 1 70
133 480 16 27 42 860 7 5 320
134 380 19 11 46 1080 2 1 50
135 430 10 22 50 640 8 8 0
136 480 23 10 70 1290 3 12 70
137 480 22 20 49 1100 3 3 65
138 580 28 29 57 1110 5 7 65
139 420 11 18 47 620 3 3 35
140 460 29 21 31 940 2 2 80
141 520 29 21 46 1180 2 2 75
142 360 14 15 38 840 8 9 30
143 1300 79.5 134 284 4040 46.5 18 193
144 1310 77.5 133.5 286 4050 46 19 133
145 1330 70.5 139 284 4180 46 18 133
146 1285 71.5 134 286 4260 47 18 133
147 1265 55.5 137 293 4285 49.5 22.5 68
148 1000 62.5 78 158 2600 30.5 13 193
149 1010 60.5 77.5 160 2610 30 14 133
150 1030 53.5 83 158 2740 30 13 133
151 985 54.5 78 160 2820 31 13 133
152 965 38.5 81 167 2845 33.5 17.5 68
153 1210 65.5 85.5 188 2630 36.5 13.5 193
154 1220 63.5 85 190 2640 36 14.5 133
155 1240 56.5 90.5 188 2770 36 13.5 133
156 1195 57.5 85.5 190 2850 37 13.5 133
157 1175 41.5 88.5 197 2875 39.5 18 68
158 1010 63.5 78 160 2600 31.5 14 193
159 1020 61.5 77.5 162 2610 31 15 133
160 1040 54.5 83 160 2740 31 14 133
161 995 55.5 78 162 2820 32 14 133
162 975 39.5 81 169 2845 34.5 18.5 68
163 290 15 2 38 210 5 5 20
164 310 15 13 35 510 5 27 35
165 360 26 13 40 470 5 6 30
166 230 14 4 25 380 3 12 25
167 200 8 11 17 1250 6 5 20
168 350 24 17 25 670 5 6 70
169 370 36 15 29 960 3 4 220
170 350 25 12 29 1690 5 4 65
171 290 30 15 11 820 3 5 215
172 370 24 23 19 740 5 5 200
173 270 14 12 28 370 5 16 30
174 490 26 26 38 1200 10 7 45
175 170 12 1 9 370 3 4 25
176 670 19 44 60 1010 9 4 30
177 580 32 30 51 1280 5 4 70
178 330 28 9 28 860 3 3 60
179 380 33 8 57 990 0 4 45
180 460 22 14 61 810 4 4 40
181 610 29 27 63 1320 4 5 65
182 550 17 17 81 710 6 22 30
183 490 21 18 63 730 4 5 170
184 530 20 12 83 660 5 16 25
185 500 14 19 69 1230 6 6 20
186 670 30 25 78 990 6 7 70
187 610 30 20 81 990 3 4 190
188 660 31 20 82 2010 6 5 65
189 550 29 21 63 960 4 5 150
190 690 30 33 71 1090 7 5 200
191 590 20 20 82 650 6 18 30
192 410 18 9 70 660 5 12 25
193 870 51 32 93 2250 3 9 100
194 870 51 36 85 2540 3 3 105
195 940 34 47 94 1920 4 7 50
196 1020 51 49 90 2500 3 7 125
197 343 8 23 27 1183 3 4 69
198 275 10 19 18 1238 3 6 62
199 344 12 23 21 1265 3 4 62
200 179 14 6 21 1072 1 3 62
201 179 14 5 18 1128 1 4 48
202 261 14 14 19 1072 3 6 41
203 234 12 11 21 1072 1 7 41
204 467 8 38 21 798 0 8 151
205 371 12 26 22 894 1 4 110
206 151 6 2 30 825 4 7 0
207 234 4 5 45 894 4 22 14
208 137 4 8 17 550 1 11 21
209 110 3 3 21 1196 3 8 0
210 344 11 22 22 1278 1 6 89
211 165 7 2 32 577 10 7 0
212 124 7 5 17 1031 3 11 21
213 178 8 6 19 1114 4 3 28
214 450 23 30 24 870 2 0 75
215 180 9 12 10 350 1 0 30
216 270 14 18 14 520 1 0 45
217 430 25 28 23 1240 2 0 80
218 190 9 12 10 550 1 0 30
219 280 14 18 15 830 2 0 45
220 290 4 10 47 230 5 23 20
221 290 5 11 43 200 6 20 20
222 390 4 21 51 270 2 30 25
223 390 4 19 53 360 1 28 30
224 350 4 17 48 260 5 28 25
225 340 35 11 28 1150 5 20 105
226 180 18 6 14 490 3 9 55
227 250 18 14 14 520 4 2 45
228 470 37 25 26 1240 5 3 90
229 110 17 2 8 260 3 3 45
230 210 33 4 13 520 5 5 90
231 210 20 8 17 510 3 9 60
232 390 40 15 28 940 4 12 125
233 250 15 10 25 620 1 5 35
234 290 17 13 26 820 1 5 45
235 400 21 24 25 930 2 5 65
236 350 17 19 27 850 2 6 55
237 400 27 21 26 1080 1 5 85
238 580 31 33 42 1240 3 10 105
239 800 50 48 42 1530 3 10 175
240 1060 72 67 42 2020 3 10 255
241 660 36 40 40 1440 2 9 120
242 390 33 10 42 1080 3 10 90
243 530 31 22 55 1140 3 8 75
244 510 26 21 54 1140 4 8 60
245 690 35 36 56 1630 4 9 95
246 710 40 37 57 1630 3 9 110
247 570 42 27 41 1530 3 9 125
248 380 15 20 37 720 2 4 35
249 430 17 25 35 950 2 1 45
250 260 19 10 25 730 1 3 50
251 320 15 16 30 770 1 1 35
252 340 17 16 31 770 1 1 45
253 700 39 43 40 1760 2 9 130
254 650 35 29 62 1450 3 8 95
255 640 37 38 37 1160 2 6 130
256 440 20 24 37 950 1 5 55
257 25 1 0 5 30 2 3 0
258 60 4 4 5 115 2 2 10
259 40 0 0 9 0 2 7 0
260 270 7 0 61 25 7 3 0
261 320 8 4 63 50 7 4 10
262 310 26 9 31 1330 10 10 60
263 210 17 6 21 880 6 6 40
264 530 6 25 68 570 7 0 0
265 420 5 21 55 460 6 0 0
266 320 4 16 42 350 4 0 0
267 230 3 11 30 250 3 0 0
268 440 16 14 67 510 8 6 40
269 540 22 23 66 890 7 5 65
270 460 13 25 45 590 4 1 30
271 390 23 22 25 870 1 6 80
272 590 30 19 74 1420 3 10 60
273 640 34 25 70 1620 3 7 65
274 660 34 27 69 1620 3 6 65
275 500 23 35 25 1230 1 3 70
276 560 17 37 38 890 2 6 45
277 550 22 33 41 1140 1 4 45
278 530 22 30 41 1210 1 4 55
279 440 24 14 54 1380 2 3 50
280 440 24 17 47 1330 1 4 60
281 430 23 27 23 860 1 2 80
282 460 26 16 54 1100 3 3 55
283 510 18 30 41 940 1 3 40
284 680 23 47 42 1010 2 5 60
285 570 22 24 69 1130 4 7 35
286 400 15 24 34 630 7 2 35
287 520 24 37 25 1180 1 2 65
288 460 28 14 55 1370 3 4 50
;







 # Relate food items to restaurants
 
param vB:
"Chik Fi La" "Chipotle" "Dunkin Donuts" "Jersey Mikes" "McDonalds" "Salad Works" "Shake Shack" "Starbucks" "Subway" "Wendys" :=
1 0 0 0 0 1 0 0 0 0 0
2 0 0 0 0 1 0 0 0 0 0
3 0 0 0 0 1 0 0 0 0 0
4 0 0 0 0 1 0 0 0 0 0
5 0 0 0 0 1 0 0 0 0 0
6 0 0 0 0 1 0 0 0 0 0
7 0 0 0 0 1 0 0 0 0 0
8 0 0 0 0 1 0 0 0 0 0
9 0 0 0 0 1 0 0 0 0 0
10 0 0 0 0 1 0 0 0 0 0
11 0 0 0 0 1 0 0 0 0 0
12 0 0 0 0 1 0 0 0 0 0
13 0 0 0 0 1 0 0 0 0 0
14 0 0 0 0 1 0 0 0 0 0
15 0 0 0 0 1 0 0 0 0 0
16 0 0 0 0 1 0 0 0 0 0
17 0 0 0 0 1 0 0 0 0 0
18 0 0 0 0 1 0 0 0 0 0
19 0 0 0 0 1 0 0 0 0 0
20 0 0 0 0 1 0 0 0 0 0
21 0 0 0 0 1 0 0 0 0 0
22 0 0 0 0 1 0 0 0 0 0
23 0 0 0 0 1 0 0 0 0 0
24 0 0 0 0 1 0 0 0 0 0
25 0 0 0 0 1 0 0 0 0 0
26 0 0 0 0 1 0 0 0 0 0
27 0 0 0 0 1 0 0 0 0 0
28 0 0 0 0 1 0 0 0 0 0
29 0 0 0 0 1 0 0 0 0 0
30 0 0 0 0 1 0 0 0 0 0
31 1 0 0 0 0 0 0 0 0 0
32 1 0 0 0 0 0 0 0 0 0
33 1 0 0 0 0 0 0 0 0 0
34 1 0 0 0 0 0 0 0 0 0
35 1 0 0 0 0 0 0 0 0 0
36 1 0 0 0 0 0 0 0 0 0
37 1 0 0 0 0 0 0 0 0 0
38 1 0 0 0 0 0 0 0 0 0
39 1 0 0 0 0 0 0 0 0 0
40 1 0 0 0 0 0 0 0 0 0
41 1 0 0 0 0 0 0 0 0 0
42 1 0 0 0 0 0 0 0 0 0
43 1 0 0 0 0 0 0 0 0 0
44 1 0 0 0 0 0 0 0 0 0
45 1 0 0 0 0 0 0 0 0 0
46 1 0 0 0 0 0 0 0 0 0
47 1 0 0 0 0 0 0 0 0 0



;













param vL:
"Chik Fi La" "Chipotle" "Dunkin Donuts" "Jersey Mikes" "McDonalds" "Salad Works" "Shake Shack" "Starbucks" "Subway" "Wendys" :=
48 0 0 0 0 0 0 0 0 1 0
49 0 0 0 0 0 0 0 0 1 0
50 0 0 0 0 0 0 0 0 1 0
51 0 0 0 0 0 0 0 0 1 0
52 0 0 0 0 0 0 0 0 1 0
53 0 0 0 0 0 0 0 0 1 0
54 0 0 0 0 0 0 0 0 1 0
55 0 0 0 0 0 0 0 0 1 0
56 0 0 0 0 0 0 0 0 1 0
57 0 0 0 0 0 0 0 0 1 0
58 0 0 0 0 0 0 0 0 1 0
59 0 0 0 0 0 0 0 0 1 0
60 0 0 0 0 0 0 0 0 1 0
61 0 0 0 0 0 0 0 0 1 0
62 0 0 0 0 0 0 0 0 1 0
63 0 0 0 0 0 0 0 0 1 0
64 0 0 0 0 0 0 0 0 1 0
65 0 0 0 0 0 0 0 0 1 0
66 0 0 0 0 0 0 0 0 1 0
67 0 0 0 0 0 0 0 0 1 0
68 0 0 0 0 0 0 0 0 1 0
69 0 0 0 0 0 0 0 0 1 0
70 0 0 0 0 0 0 0 0 1 0
71 0 0 0 0 0 0 0 0 1 0
72 0 0 0 0 0 0 0 0 1 0
73 0 0 0 0 0 0 0 0 1 0
74 0 0 0 0 0 0 0 0 1 0
75 0 0 0 0 0 0 0 0 1 0
76 0 0 0 0 0 0 0 0 1 0
77 0 0 0 0 0 0 0 0 1 0
78 0 0 0 0 0 0 0 0 1 0
79 0 0 0 0 0 0 0 0 1 0
80 0 0 0 0 0 0 0 0 1 0
81 0 0 0 0 0 0 0 0 1 0
82 0 0 0 0 0 0 0 0 1 0
83 0 0 0 0 0 0 0 0 1 0
84 0 0 0 0 0 0 0 0 1 0
85 0 0 0 0 0 0 0 0 1 0
86 0 0 0 0 0 0 0 0 1 0
87 0 0 0 0 0 0 0 0 1 0
88 0 0 0 0 0 0 0 0 1 0
89 0 0 0 0 0 0 0 0 1 0
90 0 0 0 0 0 0 0 0 1 0
91 0 0 0 0 0 0 0 0 1 0
92 0 0 0 0 0 0 0 0 1 0
93 0 0 0 0 0 0 0 0 1 0
94 0 0 0 0 0 0 0 0 1 0
95 0 0 0 0 0 0 0 0 1 0
96 0 0 0 0 0 0 0 0 1 0
97 0 0 0 0 0 0 0 0 1 0
98 0 0 0 0 0 0 0 0 1 0
99 0 0 0 0 0 0 0 0 1 0
100 0 0 0 0 0 0 0 0 1 0
101 0 0 0 0 0 0 0 0 1 0
102 0 0 0 0 0 0 0 0 1 0
103 0 0 0 0 0 0 0 0 1 0
104 0 0 0 0 0 0 0 0 1 0
105 0 0 0 0 0 0 0 0 1 0
106 0 0 0 0 0 0 0 0 1 0
107 0 0 0 0 0 0 0 0 1 0
108 0 0 0 0 0 0 0 0 1 0
109 0 0 0 0 0 0 0 0 1 0
110 0 0 0 0 0 0 0 0 1 0
111 0 0 0 0 0 0 0 0 1 0
112 0 0 0 0 0 0 0 0 1 0
113 0 0 0 0 0 0 0 0 1 0
114 0 0 0 0 0 0 0 0 1 0
115 0 0 0 0 0 0 0 0 1 0
116 0 0 0 0 0 0 0 0 1 0
117 0 0 0 0 0 0 0 0 1 0
118 0 0 0 0 0 0 0 0 1 0
119 0 0 0 0 0 0 0 1 0 0
120 0 0 0 0 0 0 0 1 0 0
121 0 0 0 0 0 0 0 1 0 0
122 0 0 0 0 0 0 0 1 0 0
123 0 0 0 0 0 0 0 1 0 0
124 0 0 0 0 0 0 0 1 0 0
125 0 0 0 0 0 0 0 1 0 0
126 0 0 0 0 0 0 0 1 0 0
127 0 0 0 0 0 0 0 1 0 0
128 0 0 0 0 0 0 0 1 0 0
129 0 0 0 0 0 0 0 1 0 0
130 0 0 0 0 0 0 0 1 0 0
131 0 0 0 0 0 0 0 1 0 0
132 0 0 0 0 0 0 0 1 0 0
133 0 0 0 0 0 0 0 1 0 0
134 0 0 0 0 0 0 0 1 0 0
135 0 0 0 0 0 0 0 1 0 0
136 0 0 0 0 0 0 0 1 0 0
137 0 0 0 0 0 0 0 1 0 0
138 0 0 0 0 0 0 0 1 0 0
139 0 0 0 0 0 0 0 1 0 0
140 0 0 0 0 0 0 0 1 0 0
141 0 0 0 0 0 0 0 1 0 0
142 0 0 0 0 0 0 0 1 0 0
143 0 1 0 0 0 0 0 0 0 0
144 0 1 0 0 0 0 0 0 0 0
145 0 1 0 0 0 0 0 0 0 0
146 0 1 0 0 0 0 0 0 0 0
147 0 1 0 0 0 0 0 0 0 0
148 0 1 0 0 0 0 0 0 0 0
149 0 1 0 0 0 0 0 0 0 0
150 0 1 0 0 0 0 0 0 0 0
151 0 1 0 0 0 0 0 0 0 0
152 0 1 0 0 0 0 0 0 0 0
153 0 1 0 0 0 0 0 0 0 0
154 0 1 0 0 0 0 0 0 0 0
155 0 1 0 0 0 0 0 0 0 0
156 0 1 0 0 0 0 0 0 0 0
157 0 1 0 0 0 0 0 0 0 0
158 0 1 0 0 0 0 0 0 0 0
159 0 1 0 0 0 0 0 0 0 0
160 0 1 0 0 0 0 0 0 0 0
161 0 1 0 0 0 0 0 0 0 0
162 0 1 0 0 0 0 0 0 0 0
163 0 0 0 0 0 1 0 0 0 0
164 0 0 0 0 0 1 0 0 0 0
165 0 0 0 0 0 1 0 0 0 0
166 0 0 0 0 0 1 0 0 0 0
167 0 0 0 0 0 1 0 0 0 0
168 0 0 0 0 0 1 0 0 0 0
169 0 0 0 0 0 1 0 0 0 0
170 0 0 0 0 0 1 0 0 0 0
171 0 0 0 0 0 1 0 0 0 0
172 0 0 0 0 0 1 0 0 0 0
173 0 0 0 0 0 1 0 0 0 0
174 0 0 0 0 0 1 0 0 0 0
175 0 0 0 0 0 1 0 0 0 0
176 0 0 0 0 0 1 0 0 0 0
177 0 0 0 0 0 1 0 0 0 0
178 0 0 0 0 0 1 0 0 0 0
179 0 0 0 0 0 1 0 0 0 0
180 0 0 0 0 0 1 0 0 0 0
181 0 0 0 0 0 1 0 0 0 0
182 0 0 0 0 0 1 0 0 0 0
183 0 0 0 0 0 1 0 0 0 0
184 0 0 0 0 0 1 0 0 0 0
185 0 0 0 0 0 1 0 0 0 0
186 0 0 0 0 0 1 0 0 0 0
187 0 0 0 0 0 1 0 0 0 0
188 0 0 0 0 0 1 0 0 0 0
189 0 0 0 0 0 1 0 0 0 0
190 0 0 0 0 0 1 0 0 0 0
191 0 0 0 0 0 1 0 0 0 0
192 0 0 0 0 0 1 0 0 0 0
193 0 0 0 0 0 1 0 0 0 0
194 0 0 0 0 0 1 0 0 0 0
195 0 0 0 0 0 1 0 0 0 0
196 0 0 0 0 0 1 0 0 0 0
197 0 0 0 0 0 1 0 0 0 0
198 0 0 0 0 0 1 0 0 0 0
199 0 0 0 0 0 1 0 0 0 0
200 0 0 0 0 0 1 0 0 0 0
201 0 0 0 0 0 1 0 0 0 0
202 0 0 0 0 0 1 0 0 0 0
203 0 0 0 0 0 1 0 0 0 0
204 0 0 0 0 0 1 0 0 0 0
205 0 0 0 0 0 1 0 0 0 0
206 0 0 0 0 0 1 0 0 0 0
207 0 0 0 0 0 1 0 0 0 0
208 0 0 0 0 0 1 0 0 0 0
209 0 0 0 0 0 1 0 0 0 0
210 0 0 0 0 0 1 0 0 0 0
211 0 0 0 0 0 1 0 0 0 0
212 0 0 0 0 0 1 0 0 0 0
213 0 0 0 0 0 1 0 0 0 0
214 0 0 0 0 0 0 0 0 0 1
215 0 0 0 0 0 0 0 0 0 1
216 0 0 0 0 0 0 0 0 0 1
217 0 0 0 0 0 0 0 0 0 1
218 0 0 0 0 0 0 0 0 0 1
219 0 0 0 0 0 0 0 0 0 1
220 0 0 0 0 0 0 0 0 0 1
221 0 0 0 0 0 0 0 0 0 1
222 0 0 0 0 0 0 0 0 0 1
223 0 0 0 0 0 0 0 0 0 1
224 0 0 0 0 0 0 0 0 0 1
225 0 0 0 0 0 0 0 0 0 1
226 0 0 0 0 0 0 0 0 0 1
227 0 0 0 0 0 0 0 0 0 1
228 0 0 0 0 0 0 0 0 0 1
229 0 0 0 0 0 0 0 0 0 1
230 0 0 0 0 0 0 0 0 0 1
231 0 0 0 0 0 0 0 0 0 1
232 0 0 0 0 0 0 0 0 0 1
233 0 0 0 0 0 0 0 0 0 1
234 0 0 0 0 0 0 0 0 0 1
235 0 0 0 0 0 0 0 0 0 1
236 0 0 0 0 0 0 0 0 0 1
237 0 0 0 0 0 0 0 0 0 1
238 0 0 0 0 0 0 0 0 0 1
239 0 0 0 0 0 0 0 0 0 1
240 0 0 0 0 0 0 0 0 0 1
241 0 0 0 0 0 0 0 0 0 1
242 0 0 0 0 0 0 0 0 0 1
243 0 0 0 0 0 0 0 0 0 1
244 0 0 0 0 0 0 0 0 0 1
245 0 0 0 0 0 0 0 0 0 1
246 0 0 0 0 0 0 0 0 0 1
247 0 0 0 0 0 0 0 0 0 1
248 0 0 0 0 0 0 0 0 0 1
249 0 0 0 0 0 0 0 0 0 1
250 0 0 0 0 0 0 0 0 0 1
251 0 0 0 0 0 0 0 0 0 1
252 0 0 0 0 0 0 0 0 0 1
253 0 0 0 0 0 0 0 0 0 1
254 0 0 0 0 0 0 0 0 0 1
255 0 0 0 0 0 0 0 0 0 1
256 0 0 0 0 0 0 0 0 0 1
257 0 0 0 0 0 0 0 0 0 1
258 0 0 0 0 0 0 0 0 0 1
259 0 0 0 0 0 0 0 0 0 1
260 0 0 0 0 0 0 0 0 0 1
261 0 0 0 0 0 0 0 0 0 1
262 0 0 0 0 0 0 0 0 0 1
263 0 0 0 0 0 0 0 0 0 1
264 0 0 0 0 0 0 0 0 0 1
265 0 0 0 0 0 0 0 0 0 1
266 0 0 0 0 0 0 0 0 0 1
267 0 0 0 0 0 0 0 0 0 1
268 0 0 0 0 0 0 0 0 0 1
269 0 0 0 0 0 0 0 0 0 1
270 0 0 0 0 0 0 0 0 0 1
271 0 0 1 0 0 0 0 0 0 0
272 0 0 1 0 0 0 0 0 0 0
273 0 0 1 0 0 0 0 0 0 0
274 0 0 1 0 0 0 0 0 0 0
275 0 0 1 0 0 0 0 0 0 0
276 0 0 1 0 0 0 0 0 0 0
277 0 0 1 0 0 0 0 0 0 0
278 0 0 1 0 0 0 0 0 0 0
279 0 0 1 0 0 0 0 0 0 0
280 0 0 1 0 0 0 0 0 0 0
281 0 0 1 0 0 0 0 0 0 0
282 0 0 1 0 0 0 0 0 0 0
283 0 0 1 0 0 0 0 0 0 0
284 0 0 1 0 0 0 0 0 0 0
285 0 0 1 0 0 0 0 0 0 0
286 0 0 1 0 0 0 0 0 0 0
287 0 0 1 0 0 0 0 0 0 0
288 0 0 1 0 0 0 0 0 0 0

;
















param vD:
"Chik Fi La" "Chipotle" "Dunkin Donuts" "Jersey Mikes" "McDonalds" "Salad Works" "Shake Shack" "Starbucks" "Subway" "Wendys" :=
48 0 0 0 0 0 0 0 0 1 0
49 0 0 0 0 0 0 0 0 1 0
50 0 0 0 0 0 0 0 0 1 0
51 0 0 0 0 0 0 0 0 1 0
52 0 0 0 0 0 0 0 0 1 0
53 0 0 0 0 0 0 0 0 1 0
54 0 0 0 0 0 0 0 0 1 0
55 0 0 0 0 0 0 0 0 1 0
56 0 0 0 0 0 0 0 0 1 0
57 0 0 0 0 0 0 0 0 1 0
58 0 0 0 0 0 0 0 0 1 0
59 0 0 0 0 0 0 0 0 1 0
60 0 0 0 0 0 0 0 0 1 0
61 0 0 0 0 0 0 0 0 1 0
62 0 0 0 0 0 0 0 0 1 0
63 0 0 0 0 0 0 0 0 1 0
64 0 0 0 0 0 0 0 0 1 0
65 0 0 0 0 0 0 0 0 1 0
66 0 0 0 0 0 0 0 0 1 0
67 0 0 0 0 0 0 0 0 1 0
68 0 0 0 0 0 0 0 0 1 0
69 0 0 0 0 0 0 0 0 1 0
70 0 0 0 0 0 0 0 0 1 0
71 0 0 0 0 0 0 0 0 1 0
72 0 0 0 0 0 0 0 0 1 0
73 0 0 0 0 0 0 0 0 1 0
74 0 0 0 0 0 0 0 0 1 0
75 0 0 0 0 0 0 0 0 1 0
76 0 0 0 0 0 0 0 0 1 0
77 0 0 0 0 0 0 0 0 1 0
78 0 0 0 0 0 0 0 0 1 0
79 0 0 0 0 0 0 0 0 1 0
80 0 0 0 0 0 0 0 0 1 0
81 0 0 0 0 0 0 0 0 1 0
82 0 0 0 0 0 0 0 0 1 0
83 0 0 0 0 0 0 0 0 1 0
84 0 0 0 0 0 0 0 0 1 0
85 0 0 0 0 0 0 0 0 1 0
86 0 0 0 0 0 0 0 0 1 0
87 0 0 0 0 0 0 0 0 1 0
88 0 0 0 0 0 0 0 0 1 0
89 0 0 0 0 0 0 0 0 1 0
90 0 0 0 0 0 0 0 0 1 0
91 0 0 0 0 0 0 0 0 1 0
92 0 0 0 0 0 0 0 0 1 0
93 0 0 0 0 0 0 0 0 1 0
94 0 0 0 0 0 0 0 0 1 0
95 0 0 0 0 0 0 0 0 1 0
96 0 0 0 0 0 0 0 0 1 0
97 0 0 0 0 0 0 0 0 1 0
98 0 0 0 0 0 0 0 0 1 0
99 0 0 0 0 0 0 0 0 1 0
100 0 0 0 0 0 0 0 0 1 0
101 0 0 0 0 0 0 0 0 1 0
102 0 0 0 0 0 0 0 0 1 0
103 0 0 0 0 0 0 0 0 1 0
104 0 0 0 0 0 0 0 0 1 0
105 0 0 0 0 0 0 0 0 1 0
106 0 0 0 0 0 0 0 0 1 0
107 0 0 0 0 0 0 0 0 1 0
108 0 0 0 0 0 0 0 0 1 0
109 0 0 0 0 0 0 0 0 1 0
110 0 0 0 0 0 0 0 0 1 0
111 0 0 0 0 0 0 0 0 1 0
112 0 0 0 0 0 0 0 0 1 0
113 0 0 0 0 0 0 0 0 1 0
114 0 0 0 0 0 0 0 0 1 0
115 0 0 0 0 0 0 0 0 1 0
116 0 0 0 0 0 0 0 0 1 0
117 0 0 0 0 0 0 0 0 1 0
118 0 0 0 0 0 0 0 0 1 0
119 0 0 0 0 0 0 0 1 0 0
120 0 0 0 0 0 0 0 1 0 0
121 0 0 0 0 0 0 0 1 0 0
122 0 0 0 0 0 0 0 1 0 0
123 0 0 0 0 0 0 0 1 0 0
124 0 0 0 0 0 0 0 1 0 0
125 0 0 0 0 0 0 0 1 0 0
126 0 0 0 0 0 0 0 1 0 0
127 0 0 0 0 0 0 0 1 0 0
128 0 0 0 0 0 0 0 1 0 0
129 0 0 0 0 0 0 0 1 0 0
130 0 0 0 0 0 0 0 1 0 0
131 0 0 0 0 0 0 0 1 0 0
132 0 0 0 0 0 0 0 1 0 0
133 0 0 0 0 0 0 0 1 0 0
134 0 0 0 0 0 0 0 1 0 0
135 0 0 0 0 0 0 0 1 0 0
136 0 0 0 0 0 0 0 1 0 0
137 0 0 0 0 0 0 0 1 0 0
138 0 0 0 0 0 0 0 1 0 0
139 0 0 0 0 0 0 0 1 0 0
140 0 0 0 0 0 0 0 1 0 0
141 0 0 0 0 0 0 0 1 0 0
142 0 0 0 0 0 0 0 1 0 0
143 0 1 0 0 0 0 0 0 0 0
144 0 1 0 0 0 0 0 0 0 0
145 0 1 0 0 0 0 0 0 0 0
146 0 1 0 0 0 0 0 0 0 0
147 0 1 0 0 0 0 0 0 0 0
148 0 1 0 0 0 0 0 0 0 0
149 0 1 0 0 0 0 0 0 0 0
150 0 1 0 0 0 0 0 0 0 0
151 0 1 0 0 0 0 0 0 0 0
152 0 1 0 0 0 0 0 0 0 0
153 0 1 0 0 0 0 0 0 0 0
154 0 1 0 0 0 0 0 0 0 0
155 0 1 0 0 0 0 0 0 0 0
156 0 1 0 0 0 0 0 0 0 0
157 0 1 0 0 0 0 0 0 0 0
158 0 1 0 0 0 0 0 0 0 0
159 0 1 0 0 0 0 0 0 0 0
160 0 1 0 0 0 0 0 0 0 0
161 0 1 0 0 0 0 0 0 0 0
162 0 1 0 0 0 0 0 0 0 0
163 0 0 0 0 0 1 0 0 0 0
164 0 0 0 0 0 1 0 0 0 0
165 0 0 0 0 0 1 0 0 0 0
166 0 0 0 0 0 1 0 0 0 0
167 0 0 0 0 0 1 0 0 0 0
168 0 0 0 0 0 1 0 0 0 0
169 0 0 0 0 0 1 0 0 0 0
170 0 0 0 0 0 1 0 0 0 0
171 0 0 0 0 0 1 0 0 0 0
172 0 0 0 0 0 1 0 0 0 0
173 0 0 0 0 0 1 0 0 0 0
174 0 0 0 0 0 1 0 0 0 0
175 0 0 0 0 0 1 0 0 0 0
176 0 0 0 0 0 1 0 0 0 0
177 0 0 0 0 0 1 0 0 0 0
178 0 0 0 0 0 1 0 0 0 0
179 0 0 0 0 0 1 0 0 0 0
180 0 0 0 0 0 1 0 0 0 0
181 0 0 0 0 0 1 0 0 0 0
182 0 0 0 0 0 1 0 0 0 0
183 0 0 0 0 0 1 0 0 0 0
184 0 0 0 0 0 1 0 0 0 0
185 0 0 0 0 0 1 0 0 0 0
186 0 0 0 0 0 1 0 0 0 0
187 0 0 0 0 0 1 0 0 0 0
188 0 0 0 0 0 1 0 0 0 0
189 0 0 0 0 0 1 0 0 0 0
190 0 0 0 0 0 1 0 0 0 0
191 0 0 0 0 0 1 0 0 0 0
192 0 0 0 0 0 1 0 0 0 0
193 0 0 0 0 0 1 0 0 0 0
194 0 0 0 0 0 1 0 0 0 0
195 0 0 0 0 0 1 0 0 0 0
196 0 0 0 0 0 1 0 0 0 0
197 0 0 0 0 0 1 0 0 0 0
198 0 0 0 0 0 1 0 0 0 0
199 0 0 0 0 0 1 0 0 0 0
200 0 0 0 0 0 1 0 0 0 0
201 0 0 0 0 0 1 0 0 0 0
202 0 0 0 0 0 1 0 0 0 0
203 0 0 0 0 0 1 0 0 0 0
204 0 0 0 0 0 1 0 0 0 0
205 0 0 0 0 0 1 0 0 0 0
206 0 0 0 0 0 1 0 0 0 0
207 0 0 0 0 0 1 0 0 0 0
208 0 0 0 0 0 1 0 0 0 0
209 0 0 0 0 0 1 0 0 0 0
210 0 0 0 0 0 1 0 0 0 0
211 0 0 0 0 0 1 0 0 0 0
212 0 0 0 0 0 1 0 0 0 0
213 0 0 0 0 0 1 0 0 0 0
214 0 0 0 0 0 0 0 0 0 1
215 0 0 0 0 0 0 0 0 0 1
216 0 0 0 0 0 0 0 0 0 1
217 0 0 0 0 0 0 0 0 0 1
218 0 0 0 0 0 0 0 0 0 1
219 0 0 0 0 0 0 0 0 0 1
220 0 0 0 0 0 0 0 0 0 1
221 0 0 0 0 0 0 0 0 0 1
222 0 0 0 0 0 0 0 0 0 1
223 0 0 0 0 0 0 0 0 0 1
224 0 0 0 0 0 0 0 0 0 1
225 0 0 0 0 0 0 0 0 0 1
226 0 0 0 0 0 0 0 0 0 1
227 0 0 0 0 0 0 0 0 0 1
228 0 0 0 0 0 0 0 0 0 1
229 0 0 0 0 0 0 0 0 0 1
230 0 0 0 0 0 0 0 0 0 1
231 0 0 0 0 0 0 0 0 0 1
232 0 0 0 0 0 0 0 0 0 1
233 0 0 0 0 0 0 0 0 0 1
234 0 0 0 0 0 0 0 0 0 1
235 0 0 0 0 0 0 0 0 0 1
236 0 0 0 0 0 0 0 0 0 1
237 0 0 0 0 0 0 0 0 0 1
238 0 0 0 0 0 0 0 0 0 1
239 0 0 0 0 0 0 0 0 0 1
240 0 0 0 0 0 0 0 0 0 1
241 0 0 0 0 0 0 0 0 0 1
242 0 0 0 0 0 0 0 0 0 1
243 0 0 0 0 0 0 0 0 0 1
244 0 0 0 0 0 0 0 0 0 1
245 0 0 0 0 0 0 0 0 0 1
246 0 0 0 0 0 0 0 0 0 1
247 0 0 0 0 0 0 0 0 0 1
248 0 0 0 0 0 0 0 0 0 1
249 0 0 0 0 0 0 0 0 0 1
250 0 0 0 0 0 0 0 0 0 1
251 0 0 0 0 0 0 0 0 0 1
252 0 0 0 0 0 0 0 0 0 1
253 0 0 0 0 0 0 0 0 0 1
254 0 0 0 0 0 0 0 0 0 1
255 0 0 0 0 0 0 0 0 0 1
256 0 0 0 0 0 0 0 0 0 1
257 0 0 0 0 0 0 0 0 0 1
258 0 0 0 0 0 0 0 0 0 1
259 0 0 0 0 0 0 0 0 0 1
260 0 0 0 0 0 0 0 0 0 1
261 0 0 0 0 0 0 0 0 0 1
262 0 0 0 0 0 0 0 0 0 1
263 0 0 0 0 0 0 0 0 0 1
264 0 0 0 0 0 0 0 0 0 1
265 0 0 0 0 0 0 0 0 0 1
266 0 0 0 0 0 0 0 0 0 1
267 0 0 0 0 0 0 0 0 0 1
268 0 0 0 0 0 0 0 0 0 1
269 0 0 0 0 0 0 0 0 0 1
270 0 0 0 0 0 0 0 0 0 1
271 0 0 1 0 0 0 0 0 0 0
272 0 0 1 0 0 0 0 0 0 0
273 0 0 1 0 0 0 0 0 0 0
274 0 0 1 0 0 0 0 0 0 0
275 0 0 1 0 0 0 0 0 0 0
276 0 0 1 0 0 0 0 0 0 0
277 0 0 1 0 0 0 0 0 0 0
278 0 0 1 0 0 0 0 0 0 0
279 0 0 1 0 0 0 0 0 0 0
280 0 0 1 0 0 0 0 0 0 0
281 0 0 1 0 0 0 0 0 0 0
282 0 0 1 0 0 0 0 0 0 0
283 0 0 1 0 0 0 0 0 0 0
284 0 0 1 0 0 0 0 0 0 0
285 0 0 1 0 0 0 0 0 0 0
286 0 0 1 0 0 0 0 0 0 0
287 0 0 1 0 0 0 0 0 0 0
288 0 0 1 0 0 0 0 0 0 0


;